2
3
4
5
6
7
8
9

Players;HighCard;Pair;TwoPairs;ThreeOfkind;Straight;Flush;FullHouse;FourOfKind;StraightFlush;RoyalFLush;
2;121940;751427;630361;144607;145256;104576;94009;6257;1340;227;
3;40723;611497;683486;186744;194848;140166;130792;9241;2171;332;
4;13186;494847;683110;223658;236805;168917;164207;12113;2686;471;
5;4033;404824;659448;254569;271655;194188;192378;14966;3406;533;
6;1135;335692;623557;282875;299921;215618;218620;17791;4118;673;
7;288;280544;584660;305951;325388;234441;242727;20559;4658;784;
8;75;234642;546169;326670;346345;252431;264089;23523;5212;844;
9;16;198427;509626;342775;363391;267350;285166;26369;5932;948;
# Winners pocket cards stats: 
2;ak-u;23775;12473;1,90611721318047;0,524626708727655
2;aq-u;23247;12880;1,80489130434783;0,554049984944294
2;aj-u;23118;13105;1,76405951926746;0,566874297084523
2;at-u;22989;13519;1,70049559878689;0,588063856627082
2;kq-u;22380;13624;1,64268937169701;0,60875781948168
2;kj-u;22149;14158;1,56441587794886;0,639216217436453
2;a9-u;22120;14018;1,57797117991154;0,63372513562387
2;a8-u;21794;14434;1,5099071636414;0,662292374047903
2;kt-u;21771;14190;1,53424947145877;0,651784483946534
2;a7-u;21372;14528;1,47109030837004;0,679767920643833
2;a6-u;21081;15342;1,37407117716074;0,727764337555144
2;k9-u;20983;15095;1,3900629347466;0,719391888671782
2;qj-u;20904;15089;1,38538007820266;0,721823574435515
2;qt-u;20741;15331;1,3528797860544;0,73916397473603
2;a5-u;20684;15493;1,33505454076034;0,749033069038871
2;k8-u;20649;15875;1,30072440944882;0,768802363310572
2;q9-u;20229;16099;1,2565376731474;0,795837658806664
2;a4-u;20227;16043;1,26079910241227;0,793147772778959
2;k7-u;20198;16088;1,25546991546494;0,796514506386771
2;jt-u;20032;16087;1,24522906694847;0,803065095846645
2;a3-u;19956;16116;1,23827252419955;0,807576668671076
2;k6-u;19919;16394;1,21501768939856;0,823033284803454
2;q8-u;19573;16654;1,1752732076378;0,850865988862208
2;a2-u;19467;16613;1,17179317402035;0,853392921354086
2;j9-u;19452;16774;1,15965184213664;0,862327781205018
2;k5-u;19242;16707;1,15173280660801;0,868256937948238
2;k4-u;19060;17257;1,1044793417164;0,905403987408185
2;q7-u;18831;17389;1,08292598769337;0,923424141044023
2;q6-u;18657;17569;1,06192725823894;0,941684086401887
2;j8-u;18636;17327;1,07554683442027;0,929759605065465
2;t9-u;18556;17711;1,04771046242448;0,954462168570813
2;k3-u;18523;17667;1,04845191600158;0,953787183501593
2;q5-u;18333;18063;1,01494768310912;0,985272459499264
2;k2-u;18239;17969;1,01502587790083;0,985196556828774
2;t8-u;18085;18119;0,998123516750373;1,00188001105889
2;j7-u;18045;17990;1,00305725403002;0,996952064283735
2;q4-u;18031;18756;0,961345702708467;1,04020852975431
2;98-u;17558;18878;0,930077338701134;1,07517940539925
2;t7-u;17474;18954;0,921916218212514;1,08469726450727
2;q3-u;17459;18934;0,922097813457273;1,08448364740249
2;j6-u;17272;18815;0,91799096465586;1,08933534043539
2;q2-u;17043;18972;0,898323845667299;1,11318429853899
2;j5-u;16908;18685;0,904896976184105;1,1050981783771
2;97-u;16886;19404;0,870232941661513;1,14911761222314
2;j4-u;16644;19310;0,861936820300363;1,16017784186494
2;t6-u;16641;19540;0,851637666325486;1,17420828075236
2;j3-u;16339;19872;0,822212157809984;1,21623110349471
2;87-u;16335;19986;0,817322125487841;1,22350780532599
2;96-u;16055;19931;0,805529075309819;1,2414201183432
2;t5-u;16046;20418;0,785875208149672;1,27246665835722
2;t4-u;15740;20670;0,761490082244799;1,31321473951715
2;j2-u;15737;19849;0,792835911129024;1,26129503717354
2;86-u;15634;20351;0,768217777996167;1,30171421261353
2;95-u;15428;20944;0,736631016042781;1,35753176043557
2;t3-u;15371;20864;0,736723542944785;1,35736126471928
2;76-u;15300;20851;0,73377775646252;1,36281045751634
2;aa-u;15194;2653;5,72710139464757;0,174608398051863
2;kk-u;15016;3187;4,71164104173204;0,212240277037826
2;85-u;15008;21173;0,708827280026449;1,41078091684435
2;t2-u;14889;21052;0,707248717461524;1,41392974679293
2;94-u;14799;21597;0,685234060286151;1,45935536184877
2;75-u;14688;21597;0,68009445756355;1,4703839869281
2;65-u;14651;21298;0,687904967602592;1,45368916797488
2;93-u;14403;21809;0,660415424824614;1,51419843088245
2;qq-u;14373;3446;4,17092280905398;0,239755096361233
2;84-u;14289;21929;0,65160290026905;1,53467702428441
2;74-u;14198;22089;0,642763366381457;1,55578250457811
2;92-u;14181;22066;0,642662920329919;1,55602566814752
2;jj-u;14105;3935;3,58449809402795;0,278979085430698
2;64-u;13842;22495;0,615336741498111;1,62512642681693
2;83-u;13671;22504;0,607492001421969;1,64611220832419
2;tt-u;13609;4419;3,07965603077619;0,324711587919759
2;73-u;13464;23073;0,583539201664283;1,71368092691622
2;82-u;13410;22922;0,585027484512695;1,70932140193885
2;54-u;13404;22910;0,58507202095155;1,70919128618323
2;63-u;13241;23239;0,569774947286888;1,75507892153161
2;99-u;12943;5036;2,57009531374106;0,389090628138762
2;88-u;12696;5418;2,34330011074197;0,426748582230624
2;53-u;12631;23716;0,532594029347276;1,87760272345816
2;72-u;12536;23780;0,527165685449958;1,89693682195278
2;62-u;12448;23864;0,521622527656721;1,91709511568123
2;43-u;12276;23987;0,511777212656856;1,9539752362333
2;77-u;12178;6039;2,01655903295248;0,495894235506651
2;52-u;11910;24068;0,494847930862556;2,0208228379513
2;66-u;11549;6612;1,74667271627344;0,57251710104771
2;42-u;11489;24839;0,462538749547083;2,16198102532858
2;32-u;11230;25310;0,443698143026472;2,25378450578807
2;55-u;10905;7140;1,52731092436975;0,65474552957359
2;44-u;10182;7747;1,31431521879437;0,760852484777057
2;33-u;9835;8438;1,16556055937426;0,857956278596848
2;22-u;9072;8836;1,02670891806247;0,973985890652557
2;ak-s;8196;3977;2,06084988684938;0,485236700829673
2;aq-s;8104;3974;2,03925515853045;0,490375123395854
2;at-s;7905;4099;1,92851915101244;0,518532574320051
2;aj-s;7829;4138;1,89197680038666;0,528547707242304
2;a9-s;7676;4578;1,67671472258628;0,596404377279833
2;kj-s;7545;4558;1,6553312856516;0,604108681245858
2;a8-s;7535;4569;1,64915736485008;0,606370272063703
2;kq-s;7526;4441;1,69466336410718;0,590087695987244
2;kt-s;7500;4572;1,64041994750656;0,6096
2;qj-s;7412;4804;1,5428809325562;0,648138154344307
2;a6-s;7412;4744;1,56239460370995;0,640043173232596
2;k9-s;7306;4631;1,57762902180954;0,633862578702436
2;a7-s;7221;4722;1,5292249047014;0,653926049023681
2;qt-s;7198;4811;1,49615464560382;0,668380105584885
2;a5-s;7129;5067;1,40694691138741;0,710758872212091
2;a4-s;7040;5094;1,38201806046329;0,723579545454546
2;jt-s;7018;4997;1,40444266559936;0,712026218295811
2;k8-s;6998;4894;1,42991418062934;0,699342669334096
2;k7-s;6961;5158;1,34955409073284;0,740985490590432
2;k6-s;6877;5184;1,32658179012346;0,753817071397412
2;a3-s;6819;5168;1,31946594427245;0,75788238744684
2;q9-s;6812;5206;1,30849020361122;0,764239577216676
2;k5-s;6792;5329;1,27453556014262;0,784599528857479
2;j9-s;6781;5226;1,29755070799847;0,770682790148946
2;a2-s;6754;5242;1,28843952689813;0,776132662126147
2;q8-s;6718;5203;1,29117816644244;0,774486454301876
2;q7-s;6602;5550;1,18954954954955;0,840654347167525
2;q6-s;6600;5481;1,20415982484948;0,830454545454545
2;k4-s;6575;5319;1,23613461176913;0,808973384030418
2;t9-s;6468;5517;1,17237629146275;0,852968460111317
2;j8-s;6450;5664;1,13877118644068;0,878139534883721
2;q5-s;6428;5659;1,1358897331684;0,880367143746111
2;k2-s;6348;5833;1,08829075947197;0,918872085696282
2;k3-s;6341;5513;1,15019045891529;0,869421226935814
2;j7-s;6338;5812;1,09050240880936;0,917008520037867
2;q3-s;6285;6015;1,04488778054863;0,957040572792363
2;t8-s;6273;5869;1,06883625830636;0,935597003028854
2;q4-s;6243;5877;1,06227667177131;0,941374339259971
2;j6-s;6154;5933;1,03724928366762;0,964088397790055
2;98-s;6076;5776;1,05193905817175;0,950625411454905
2;q2-s;6061;5843;1,03730960123224;0,964032337898037
2;t7-s;6051;5873;1,03030819002214;0,970583374648818
2;j5-s;5998;6090;0,984893267651888;1,01533844614872
2;t6-s;5985;6172;0,969701879455606;1,0312447786132
2;j3-s;5907;6102;0,968043264503441;1,03301168105637
2;97-s;5883;6046;0,973040026463778;1,02770695223525
2;j2-s;5873;6411;0,916081734518796;1,09160565298825
2;j4-s;5870;6108;0,961034708578913;1,04054514480409
2;96-s;5854;6273;0,933205802646262;1,07157499145883
2;87-s;5844;6247;0,935489034736674;1,06895961670089
2;t5-s;5707;6365;0,896622152395915;1,11529700367969
2;86-s;5558;6368;0,872801507537688;1,14573587621447
2;76-s;5534;6579;0,841161270709834;1,18883267076256
2;t4-s;5532;6497;0,851469909188856;1,17443962400578
2;t3-s;5507;6568;0,838459196102314;1,19266388233158
2;95-s;5501;6426;0,856053532524121;1,16815124522814
2;85-s;5397;6651;0,811456923770862;1,23235130628127
2;75-s;5316;6824;0,779015240328253;1,2836719337848
2;t2-s;5299;6729;0,787486996581959;1,26986223815814
2;94-s;5289;6752;0,78332345971564;1,2766118358858
2;65-s;5222;6654;0,784791103095882;1,27422443508234
2;84-s;5220;6940;0,752161383285303;1,32950191570881
2;74-s;5168;7116;0,726250702641934;1,37693498452012
2;92-s;5135;6973;0,73641187437258;1,35793573515093
2;93-s;5120;6891;0,742998113481352;1,3458984375
2;64-s;5004;6965;0,718449389806174;1,39188649080735
2;83-s;4950;7175;0,689895470383275;1,44949494949495
2;82-s;4913;7241;0,678497445104267;1,47384490128231
2;54-s;4852;7142;0,679361523382806;1,4719703215169
2;63-s;4845;7312;0,662609409190372;1,50918472652219
2;73-s;4834;7202;0,671202443765621;1,48986346710799
2;43-s;4603;7646;0,602014125032697;1,66109059309146
2;53-s;4576;7492;0,610784837159637;1,63723776223776
2;62-s;4559;7393;0,616664412281888;1,62162754990129
2;72-s;4497;7445;0,60402955003358;1,65554814320658
2;42-s;4422;7887;0,560669456066946;1,78358208955224
2;52-s;4396;7586;0,579488531505405;1,72565969062784
2;32-s;4240;7815;0,54254638515675;1,84316037735849
3;ak-u;26444;28182;0,938329430132709;1,0657237936772
3;aq-u;25841;28497;0,906797206723515;1,10278240006192
3;aj-u;24888;29473;0,844433888643844;1,18422532947605
3;at-u;24331;30243;0,804516747677148;1,24298220377296
3;kq-u;24203;30059;0,805183139825011;1,24195347684171
3;kj-u;23775;30859;0,770439742052562;1,29796004206099
3;a9-u;22829;31403;0,726968760946406;1,37557492662841
3;kt-u;22804;31512;0,723660827621224;1,38186283108227
3;qj-u;22293;31713;0,702960930848548;1,42255416498452
3;a8-u;22094;32097;0,688350936224569;1,45274735222232
3;qt-u;22033;32286;0,682432013875983;1,46534743339536
3;jt-u;21451;33036;0,649321951810147;1,54006806209501
3;k9-u;21358;32781;0,651535950703151;1,53483472235228
3;a7-u;21170;32718;0,647044440369216;1,54548889938592
3;a6-u;20999;33470;0,627397669554825;1,59388542311539
3;q9-u;20881;33932;0,615377814452434;1,62501795891001
3;a5-u;20276;34358;0,590139123348274;1,69451568356678
3;k8-u;20201;33973;0,594619256468372;1,68174842829563
3;aa-u;19895;7132;2,78954010095345;0,35848203066097
3;j9-u;19748;34568;0,571279796343439;1,75045574235366
3;a4-u;19740;34593;0,570635677738271;1,75243161094225
3;k7-u;19680;34868;0,564414362739475;1,77174796747968
3;t9-u;19468;34654;0,561782189646217;1,78004931169098
3;q8-u;19444;34654;0,561089628902868;1,78224645134746
3;k6-u;19048;35494;0,536654082380121;1,86339773204536
3;a3-u;18963;35022;0,541459653931814;1,8468596741022
3;kk-u;18961;8206;2,31062637094809;0,432783081061125
3;a2-u;18795;35872;0,523946253345227;1,90859271082735
3;j8-u;18681;35669;0,523732092293028;1,90937315989508
3;k5-u;18402;35745;0,514813260595888;1,94245190740137
3;k4-u;18222;36338;0,501458528262425;1,99418285588849
3;q7-u;18163;36248;0,501075921430148;1,99570555524968
3;t8-u;18141;36008;0,50380471006443;1,98489609172592
3;98-u;17804;36276;0,490792810673724;2,03751965850371
3;q6-u;17648;36693;0,480963671544981;2,07915911151405
3;qq-u;17545;9352;1,87606928999145;0,533029353092049
3;k3-u;17351;36894;0,470293272618854;2,12633277620886
3;j7-u;17348;36569;0,47439087751921;2,10796633617708
3;t7-u;17045;37524;0,454242618057776;2,20146670577882
3;q5-u;16995;37496;0,453248346490292;2,20629596940277
3;jj-u;16893;10391;1,62573380810317;0,615106848990706
3;k2-u;16787;37603;0,446427146770205;2,24000714838863
3;97-u;16755;37476;0,447086135126481;2,2367054610564
3;q4-u;16479;37804;0,435906253306528;2,29407124218703
3;87-u;16435;37762;0,435225888459298;2,29765743839367
3;j6-u;16043;38204;0,419929850277458;2,38135012154834
3;q3-u;16036;38556;0,41591451395373;2,40434023447244
3;tt-u;15971;11287;1,41499069726234;0,706718427149208
3;j5-u;15832;38514;0,411071298748507;2,43266801414856
3;t6-u;15820;38204;0,414092765155481;2,41491782553729
3;q2-u;15585;38838;0,401282249343427;2,49201154956689
3;96-u;15493;38636;0,400999068226524;2,49377138062351
3;86-u;15471;38816;0,39857275350371;2,50895223321052
3;76-u;15352;38864;0,395018526142445;2,53152683689422
3;j4-u;15276;39009;0,391601938014304;2,55361351139042
3;99-u;14822;12283;1,20670845884556;0,828700580218594
3;j3-u;14720;39483;0,372818681457843;2,68226902173913
3;65-u;14623;39715;0,368198413697595;2,7159269643712
3;t5-u;14540;39695;0,366292984003023;2,73005502063274
3;95-u;14516;39686;0,365771304742226;2,73394874621108
3;t4-u;14397;39976;0,36014108465079;2,77668958810863
3;75-u;14334;39675;0,361285444234405;2,76789451653411
3;j2-u;14316;39360;0,363719512195122;2,74937133277452
3;85-u;14135;39963;0,353702174511423;2,8272373540856
3;t3-u;13926;40456;0,344225825588293;2,90506965388482
3;88-u;13587;13601;0,99897066392177;1,00103039670273
3;64-u;13458;40886;0,329159125372988;3,03804428592659
3;t2-u;13404;40823;0,328344315704382;3,04558340793793
3;74-u;13202;40874;0,322992611440035;3,09604605362824
3;84-u;13166;40945;0,321553303211625;3,10990429895185
3;94-u;13139;41055;0,32003410059676;3,12466702184337
3;54-u;12967;41090;0,315575565831102;3,16881314105036
3;93-u;12891;41360;0,311677949709865;3,20843999689706
3;77-u;12734;14576;0,873627881448957;1,14465211245485
3;92-u;12607;41920;0,300739503816794;3,32513682874594
3;73-u;12406;42162;0,29424600351027;3,39851684668709
3;63-u;12378;41603;0,297526620676394;3,36104378736468
3;83-u;12145;42332;0,286898799962204;3,48554960889255
3;53-u;12066;42342;0,28496528269803;3,50919940328195
3;66-u;11830;15321;0,772142810521506;1,29509721048183
3;82-u;11769;42732;0,275414209491716;3,63089472342595
3;43-u;11509;42976;0,267800632911392;3,7341211225997
3;62-u;11333;43084;0,263044285581654;3,8016412247419
3;72-u;11180;43306;0,258162841176742;3,87352415026834
3;55-u;10948;16117;0,679282744927716;1,47214103032517
3;52-u;10914;43338;0,251834417831926;3,97086311159978
3;42-u;10432;44104;0,23653183384727;4,22776073619632
3;44-u;9955;17325;0,574603174603175;1,74033149171271
3;32-u;9833;44633;0,220307843971949;4,53910302044137
3;ak-s;9180;8812;1,04176123467998;0,959912854030501
3;33-u;9146;17921;0,510350984878076;1,95943581893724
3;aq-s;9114;9049;1,00718311415626;0,992868114987931
3;aj-s;8778;9410;0,932837407013815;1,07199817726134
3;at-s;8714;9540;0,913417190775681;1,09478999311453
3;kq-s;8656;9471;0,913947840777109;1,09415434380776
3;22-u;8492;18835;0,450862755508362;2,21796985398022
3;kj-s;8446;9992;0,845276220976781;1,18304522851054
3;kt-s;8227;9961;0,825921092259813;1,21076941777075
3;a9-s;8156;10200;0,799607843137255;1,25061304561059
3;a8-s;8082;10187;0,793364091489153;1,26045533283841
3;qj-s;7966;10019;0,795089330272482;1,25772031132312
3;qt-s;7966;10259;0,776488936543523;1,28784835551092
3;k9-s;7687;10576;0,726834341906203;1,37582932223234
3;q9-s;7641;10599;0,720917067647891;1,38712210443659
3;a7-s;7629;10243;0,744801327736015;1,34263992659588
3;a6-s;7604;10639;0,714728827897359;1,39913203577065
3;jt-s;7564;10543;0,717442853077872;1,39383923849815
3;k8-s;7233;10604;0,68210109392682;1,46605834370247
3;j9-s;7129;10751;0,663101106873779;1,50806564735587
3;k7-s;7103;10788;0,658416759362254;1,51879487540476
3;a4-s;7090;10943;0,647902768893357;1,54344146685472
3;t9-s;7070;11093;0,637338862345623;1,56902404526167
3;a5-s;7049;10791;0,6532295431378;1,53085544048801
3;a3-s;6991;11204;0,623973580863977;1,60263195537119
3;k6-s;6967;11368;0,612860661505982;1,63169226352806
3;q8-s;6964;11070;0,629087624209575;1,58960367604825
3;a2-s;6929;11225;0,61728285077951;1,6200028864194
3;j8-s;6847;11236;0,60938056247775;1,64101066160362
3;t8-s;6809;11538;0,590136938810886;1,6945219562344
3;k5-s;6777;11379;0,595570788294226;1,67906153165117
3;98-s;6757;11624;0,581297315898142;1,7202900695575
3;k4-s;6701;11512;0,582088255733148;1,71795254439636
3;j7-s;6578;11639;0,565168828937194;1,76938279112192
3;t7-s;6436;11787;0,546025282090439;1,83141702921069
3;q7-s;6408;11615;0,551700387430047;1,81257802746567
3;q6-s;6396;11554;0,553574519646876;1,80644152595372
3;k3-s;6347;11501;0,55186505521259;1,81203718292107
3;q5-s;6317;11955;0,528398159765788;1,89251226848187
3;97-s;6305;12107;0,520773106467333;1,92022204599524
3;87-s;6289;11789;0,533463398082959;1,87454285259978
3;k2-s;6168;11805;0,522490470139771;1,91391050583658
3;q4-s;6162;11774;0,523356548326822;1,91074326517365
3;j6-s;6083;11954;0,508867324744855;1,96514877527536
3;q3-s;6063;11947;0,507491420440278;1,97047666171862
3;t6-s;6009;12207;0,492258540181863;2,03145282076885
3;j5-s;6002;12076;0,497018880423981;2,01199600133289
3;96-s;5970;12521;0,476798977717435;2,09731993299833
3;q2-s;5907;12280;0,481026058631922;2,07888945319113
3;j4-s;5821;12281;0,473984203240778;2,10977495275726
3;86-s;5793;12317;0,470325566290493;2,12618677714483
3;76-s;5733;12279;0,466894698265331;2,141810570382
3;t5-s;5606;12621;0,444180334363363;2,25133785230111
3;j3-s;5537;12516;0,442393736017897;2,26042983565107
3;95-s;5504;12431;0,442764057597941;2,25853924418605
3;85-s;5504;12637;0,435546411331803;2,29596656976744
3;65-s;5470;12324;0,443849399545602;2,25301645338208
3;j2-s;5446;12612;0,431810973675864;2,31582813073816
3;75-s;5442;12420;0,438164251207729;2,28224917309813
3;t4-s;5406;12502;0,432410814269717;2,31261561228265
3;t3-s;5286;12529;0,421901189240961;2,37022323117669
3;t2-s;5254;12866;0,408363127623193;2,44880091358965
3;74-s;5245;12886;0,407030886233121;2,45681601525262
3;64-s;5241;12942;0,404960593416783;2,46937607326846
3;84-s;5201;12973;0,400909581438372;2,49432801384349
3;94-s;5179;12686;0,40824530979032;2,44950762695501
3;54-s;5041;13044;0,386461208218338;2,58758182900218
3;63-s;4991;13173;0,378881044560844;2,63935083149669
3;93-s;4928;12948;0,380599320358357;2,62743506493506
3;92-s;4863;13239;0,367323815998187;2,72239358420728
3;83-s;4843;13298;0,364190103775004;2,74581870741276
3;73-s;4791;13181;0,363477733100675;2,75120016697975
3;82-s;4694;13127;0,35758360630761;2,79654878568385
3;53-s;4659;13280;0,350828313253012;2,85039708091865
3;43-s;4609;13569;0,339671309602771;2,94402256454762
3;62-s;4505;13496;0,333802608180202;2,99578246392897
3;52-s;4435;13488;0,328810794780546;3,0412626832018
3;72-s;4400;13450;0,327137546468401;3,05681818181818
3;42-s;4202;13874;0,302868675219836;3,30176106615897
3;32-s;4099;13890;0,295104391648668;3,38863137350573
4;ak-u;28107;44064;0,637867647058823;1,56772334293948
4;aq-u;27029;45136;0,598834633108827;1,66991009656295
4;aj-u;25881;46476;0,556868060934676;1,79575750550597
4;kq-u;25330;46904;0,540039229063619;1,85171733122779
4;at-u;24869;47135;0,527612177787207;1,89533153725522
4;kj-u;24489;47699;0,513406989664354;1,94777246927192
4;qj-u;23805;48810;0,487707437000615;2,05040957781979
4;kt-u;23475;48977;0,479306613308288;2,08634717784878
4;aa-u;23138;13186;1,75473987562566;0,569885037600484
4;qt-u;23068;50113;0,460319677528785;2,17240332928732
4;a9-u;22658;49536;0,457404715762274;2,18624768293759
4;jt-u;22342;50174;0,445290389444732;2,24572553934294
4;a8-u;21959;50582;0,434126764461666;2,30347465731591
4;k9-u;21349;50795;0,420297273353677;2,37926834980561
4;kk-u;21297;14873;1,43192361998252;0,698361271540593
4;a7-u;20877;51109;0,40847991547477;2,44810078076352
4;q9-u;20814;52111;0,399416629886204;2,50365138848852
4;j9-u;20507;51923;0,394950214741059;2,5319646949822
4;a6-u;20169;52087;0,387217539885192;2,58252764142992
4;t9-u;19955;51989;0,383831195060494;2,60531195189176
4;k8-u;19780;52299;0,378209908411251;2,64403437815976
4;qq-u;19684;16454;1,19630484988453;0,835907335907336
4;a5-u;19598;53059;0,369362407885561;2,70736809878559
4;k7-u;19138;53161;0,360000752431294;2,77777197199289
4;a4-u;19096;53616;0,356162339600119;2,80770842061165
4;q8-u;18754;53479;0,350679706052843;2,85160499093527
4;j8-u;18539;54165;0,342268992892089;2,92167862344247
4;t8-u;18533;54046;0,34291159382748;2,91620352884045
4;a3-u;18323;53585;0,341942707847345;2,92446651749168
4;98-u;18302;54487;0,335896635894801;2,97710632717736
4;k6-u;18242;53735;0,339480785335442;2,94567481635786
4;a2-u;18034;54885;0,328577935683702;3,04341798824443
4;jj-u;18011;18134;0,993217161133782;1,0068291599578
4;k5-u;17515;54637;0,320570309497227;3,11944047958892
4;q7-u;17395;54738;0,317786546823048;3,14676631215867
4;k4-u;17166;55586;0,308818767315511;3,23814517068624
4;97-u;16924;55907;0,302717012180943;3,30341526825809
4;j7-u;16883;55036;0,306762846137074;3,25984718355742
4;t7-u;16880;55322;0,305122735982069;3,27736966824645
4;tt-u;16706;19422;0,860158583050149;1,16257631988507
4;87-u;16701;55721;0,299725417706071;3,33638704269205
4;q6-u;16654;55677;0,299118127772689;3,34316080220968
4;k3-u;16449;56173;0,292827514998309;3,41497963402031
4;q5-u;16332;56124;0,29099850331409;3,4364437913299
4;k2-u;16058;56235;0,285551702676269;3,50199277618632
4;q4-u;15647;56796;0,27549475315163;3,62983319486163
4;j6-u;15584;56613;0,275272463921714;3,63276437371663
4;76-u;15551;57170;0,272013293685499;3,6762909137676
4;t6-u;15447;56865;0,271643365866526;3,68129733928918
4;86-u;15412;57386;0,26856724636671;3,72346223721775
4;96-u;15248;57130;0,266900052511815;3,74672088142707
4;j5-u;15058;57054;0,263925404003225;3,78894939567008
4;99-u;15053;21138;0,712129813605828;1,40423835780243
4;q3-u;14983;57426;0,260909692473792;3,83274377627978
4;q2-u;14635;58154;0,251659387144478;3,97362487188247
4;65-u;14553;57537;0,252932895354294;3,95361781076067
4;j4-u;14344;57863;0,247895892020808;4,03395147796988
4;75-u;14301;58612;0,243994403876339;4,09845465352073
4;85-u;14184;58447;0,242681403664859;4,12062887760857
4;j3-u;14011;58426;0,239807619895252;4,1700092784241
4;88-u;13858;22583;0,613647433910464;1,62960023091355
4;t5-u;13837;58773;0,235431235431235;4,24752475247525
4;95-u;13793;58655;0,235154718267837;4,25251939389545
4;t4-u;13557;59009;0,229744615228186;4,35265914287822
4;j2-u;13396;58912;0,227390005431831;4,39773066587041
4;64-u;13374;59235;0,225778678146366;4,42911619560341
4;t3-u;13104;59402;0,220598633042659;4,53311965811966
4;74-u;13060;59785;0,218449443840428;4,57771822358346
4;77-u;12869;23476;0,548176861475549;1,82422876680395
4;54-u;12826;60001;0,213763103948268;4,67807578356463
4;84-u;12634;60000;0,210566666666667;4,74908975779642
4;t2-u;12541;59656;0,210221939117608;4,75687744199027
4;94-u;12478;59527;0,209619164412787;4,77055617887482
4;93-u;12125;60447;0,200588945687958;4,98531958762887
4;63-u;12006;60176;0,19951475671364;5,01216058637348
4;66-u;11792;24430;0,482685223086369;2,07174355495251
4;92-u;11786;61245;0,192440199199935;5,19641948073986
4;73-u;11574;60799;0,19036497310811;5,25306721963021
4;53-u;11530;60603;0,190254607857697;5,2561144839549
4;83-u;11282;61316;0,183997651510209;5,43485197659989
4;82-u;10963;61450;0,178405207485761;5,60521754994071
4;43-u;10938;61223;0,178658347353119;5,59727555311757
4;62-u;10717;61822;0,173352528226198;5,7685919567043
4;55-u;10620;25547;0,415704387990762;2,40555555555556
4;72-u;10246;62232;0,164641984830955;6,07378489166504
4;52-u;10169;62096;0,163762561195568;6,10640180942079
4;ak-s;10099;13976;0,722595878649113;1,3838993959798
4;aq-s;9699;14594;0,664588186926134;1,50469120527889
4;42-u;9670;62807;0,153963730157467;6,49503619441572
4;44-u;9451;26472;0,357018736778483;2,80097344196381
4;kq-s;9397;14742;0,637430470763804;1,56879855272959
4;aj-s;9359;14724;0,635628905188807;1,57324500480821
4;32-u;9132;63133;0,144647015031758;6,91338151554972
4;at-s;9066;15200;0,596447368421053;1,67659386719612
4;kj-s;9013;15065;0,598274145370063;1,67147453678021
4;kt-s;8820;15678;0,562571756601607;1,77755102040816
4;qj-s;8622;15413;0,559397910854474;1,78763627928555
4;qt-s;8500;15597;0,54497659806373;1,83494117647059
4;33-u;8385;27323;0,306884309922044;3,25855694692904
4;a9-s;8369;15764;0,530893174321238;1,88361811447007
4;jt-s;8352;15821;0,527905947790911;1,89427681992337
4;a8-s;8132;16025;0,507457098283931;1,97060993605509
4;k9-s;8127;16502;0,492485759301903;2,03051556539929
4;22-u;7931;28004;0,283209541494072;3,53095448241079
4;j9-s;7794;16344;0,476872246696035;2,09699769053118
4;a7-s;7774;16228;0,479048558047819;2,08747105737072
4;q9-s;7767;16360;0,474755501222494;2,10634736706579
4;a6-s;7739;16499;0,469058730832172;2,13192918981781
4;t9-s;7718;16708;0,46193440268135;2,16480953614926
4;a5-s;7462;16838;0,443164271291127;2,25649959796301
4;k8-s;7446;16514;0,450890153808889;2,21783507923717
4;q8-s;7354;16893;0,435328242467294;2,29711721512102
4;k7-s;7282;16767;0,434305481004354;2,30252677835759
4;a4-s;7235;17011;0,425313032743519;2,35120939875605
4;k6-s;7160;16877;0,424246015287077;2,35712290502793
4;t8-s;7097;17141;0,414036520623068;2,41524587854023
4;98-s;7051;16936;0,416332073689183;2,4019288044249
4;j8-s;6975;17008;0,410101128880527;2,4384229390681
4;a3-s;6894;17042;0,404529984743575;2,47200464171744
4;k5-s;6859;17189;0,399034266100413;2,50605044467124
4;q7-s;6798;17159;0,396176933387727;2,52412474257134
4;a2-s;6724;17524;0,383702351061401;2,60618679357525
4;t7-s;6713;17451;0,384677095868432;2,59958289885297
4;87-s;6712;17447;0,384707972717373;2,59937425506555
4;j7-s;6602;17596;0,375198908842919;2,66525295365041
4;q6-s;6553;17575;0,372859174964438;2,68197772012819
4;97-s;6546;17682;0,370206990159484;2,70119156736939
4;k4-s;6483;17532;0,369780971937029;2,7043035631652
4;q5-s;6447;17856;0,361055107526882;2,76966030711959
4;k3-s;6353;17693;0,359068558186854;2,78498347237526
4;k2-s;6224;17817;0,349329292248976;2,86262853470437
4;q4-s;6173;18028;0,342411803860661;2,92046006803823
4;86-s;6166;18048;0,341644503546099;2,92701913720402
4;96-s;6081;17905;0,339625802848366;2,9444170366716
4;76-s;6052;17845;0,339142616979546;2,9486120290813
4;t6-s;6040;18098;0,333738534644712;2,99635761589404
4;j6-s;6019;18038;0,333684443951658;2,99684332945672
4;j5-s;5963;18223;0,327223838006914;3,05601207445916
4;j4-s;5888;18251;0,322612459591255;3,09969429347826
4;75-s;5859;18356;0,319187186750926;3,13295784263526
4;65-s;5838;18368;0,317835365853659;3,1462829736211
4;q3-s;5838;18081;0,322880371660859;3,09712230215827
4;q2-s;5728;18561;0,308604062281127;3,24039804469274
4;95-s;5708;18579;0,307228591420421;3,25490539593553
4;85-s;5666;18473;0,306717912629243;3,26032474408754
4;t5-s;5621;18266;0,30773020913172;3,24959971535314
4;64-s;5510;18546;0,297099104928286;3,36588021778584
4;t4-s;5497;18441;0,298085787104821;3,35473894851737
4;j3-s;5487;18636;0,294430135222151;3,39639147074904
4;j2-s;5482;18590;0,294889725658956;3,39109813936519
4;t3-s;5367;18963;0,283024837842114;3,53325880380101
4;54-s;5348;18633;0,287017656845382;3,4841062079282
4;84-s;5209;18848;0,276368845500849;3,61835285083509
4;74-s;5155;18972;0,271716213367067;3,68031037827352
4;94-s;5065;19038;0,266046853661099;3,75873642645607
4;t2-s;5059;18949;0,266979787851602;3,74560189760822
4;63-s;4994;18869;0,264666913985903;3,77833400080096
4;93-s;4969;18843;0,263705354773656;3,79211108875025
4;73-s;4896;19188;0,25515947467167;3,91911764705882
4;92-s;4889;19679;0,24843742060064;4,02515851912456
4;53-s;4796;19040;0,251890756302521;3,96997497914929
4;83-s;4763;19478;0,244532292843208;4,08943942893135
4;43-s;4583;19358;0,23674966422151;4,22387082696923
4;62-s;4568;19419;0,235233534167568;4,2510945709282
4;82-s;4515;19610;0,2302396736359;4,34330011074197
4;72-s;4501;19497;0,230856029132687;4,33170406576316
4;52-s;4483;19681;0,227783141100554;4,39014053089449
4;42-s;4255;19762;0,215312215362818;4,64441833137485
4;32-s;4182;19934;0,209792314638306;4,76661884265901
5;ak-u;29969;60881;0,492255383452966;2,03146584804298
5;aq-u;27775;62924;0,441405505053716;2,26549054905491
5;kq-u;26692;64144;0,416126216013969;2,40311703881313
5;aj-u;26626;64119;0,415259127559694;2,40813490573124
5;aa-u;25589;19817;1,29126507544028;0,77443432724999
5;kj-u;25413;65606;0,387357863610036;2,58159209853225
5;at-u;25096;65636;0,382351148759827;2,61539687599617
5;qj-u;24608;66151;0,371997399888135;2,68819083224967
5;kt-u;23889;66209;0,360811974202903;2,77152664406212
5;qt-u;23698;67179;0,352759046725911;2,8347961853321
5;jt-u;23010;67217;0,342324114435336;2,92120817036071
5;kk-u;22717;22321;1,0177411406299;0,982568120790597
5;a9-u;22542;67765;0,332649597875009;3,00616626741194
5;k9-u;21746;69285;0,313863029515768;3,18610319139152
5;a8-u;21309;68904;0,30925635667015;3,23356328311981
5;q9-u;20852;70034;0,297741097181369;3,35862267408402
5;a7-u;20842;69603;0,299441116043849;3,33955474522599
5;qq-u;20822;24860;0,837570394207562;1,19392949764672
5;t9-u;20416;70657;0,288945185898071;3,46086402821317
5;j9-u;20378;69875;0,291635062611807;3,42894297772107
5;a6-u;19798;70627;0,280317725515738;3,56738054348924
5;k8-u;19366;71152;0,272177872723184;3,67406795414644
5;a5-u;19050;71447;0,26663120914804;3,75049868766404
5;q8-u;18849;71667;0,263008079032191;3,80216457106478
5;t8-u;18647;72204;0,258254390338485;3,87215101624926
5;k7-u;18465;71850;0,256993736951983;3,89114541023558
5;98-u;18427;71986;0,255980329508516;3,90655017094481
5;a4-u;18419;71877;0,256257217190478;3,902329116673
5;j8-u;18305;71393;0,256397686047652;3,90019120458891
5;jj-u;18269;26959;0,677658666864498;1,47566916634736
5;k6-u;17774;72571;0,24491876920533;4,08298638460673
5;a3-u;17772;72650;0,244624913971094;4,08789106459599
5;a2-u;17442;73289;0,237989329913084;4,20186905171425
5;k5-u;17084;73199;0,233391166545991;4,28465230625146
5;q7-u;16903;73336;0,230487073197338;4,33863811157783
5;t7-u;16764;73602;0,227765549849189;4,39047959914102
5;87-u;16694;74123;0,225220242030139;4,44009823888822
5;97-u;16658;73683;0,226076571257956;4,42328010565494
5;tt-u;16545;28514;0,580241284982815;1,72342097310366
5;j7-u;16503;74072;0,222796738308673;4,48839604920318
5;q6-u;16295;74268;0,219408089621371;4,55771709113225
5;k4-u;16138;73927;0,218296427556914;4,58092700458545
5;k3-u;15998;75217;0,212691279896832;4,70165020627578
5;76-u;15500;75304;0,205832359502815;4,85832258064516
5;q5-u;15416;74877;0,205884316946459;4,85709652309289
5;k2-u;15398;74755;0,205979533141596;4,85485127938693
5;86-u;15348;75272;0,203900520777979;4,9043523586135
5;96-u;15262;74985;0,203534040141362;4,91318306906041
5;j6-u;15032;75436;0,199268253884087;5,01836083022885
5;99-u;15009;30030;0,4998001998002;2,00079952028783
5;q4-u;14924;75485;0,197708153937868;5,05796033235058
5;t6-u;14919;75570;0,197419610956729;5,06535290569073
5;65-u;14484;75533;0,191757245177604;5,21492681579674
5;q3-u;14296;76080;0,187907465825447;5,3217683268047
5;j5-u;14282;76022;0,187866670174423;5,32292396022966
5;75-u;13931;76573;0,181930967834615;5,4965903380949
5;q2-u;13930;76369;0,18240385496733;5,48234027279253
5;j4-u;13859;76724;0,180634482039518;5,53604156144022
5;85-u;13808;77010;0,179301389429944;5,57720162224797
5;88-u;13482;31715;0,425098533816806;2,35239578697523
5;t5-u;13394;77089;0,173747227230863;5,75548753173063
5;95-u;13369;76639;0,174441211393677;5,73259032089161
5;j3-u;13142;77710;0,169115943893965;5,91310302845838
5;64-u;13108;77547;0,169032973551524;5,91600549282881
5;t4-u;12770;77107;0,165614016885626;6,038136256852
5;54-u;12661;77851;0,162631180074758;6,14888239475555
5;74-u;12632;77988;0,16197363696979;6,17384420519316
5;j2-u;12623;77685;0,16248954109545;6,154242256199
5;t3-u;12540;77960;0,160851718830169;6,21690590111643
5;77-u;12284;32723;0,375393454145402;2,66387170302833
5;84-u;12002;78356;0,153172698963704;6,52857857023829
5;t2-u;11868;78423;0,151333154814276;6,60793731041456
5;63-u;11731;79187;0,148143003270739;6,75023442161794
5;94-u;11716;78770;0,148736828741907;6,72328439740526
5;93-u;11416;79093;0,1443364140948;6,92825858444289
5;66-u;11402;34124;0,334134333606846;2,99280827924925
5;53-u;11301;79211;0,142669578720127;7,00920272542253
5;73-u;10982;79849;0,13753459655099;7,27089783281734
5;ak-s;10917;19191;0,568860403314053;1,75790052212146
5;92-u;10851;79446;0,136583339626916;7,32153718551286
5;83-u;10724;80140;0,133815822310956;7,47295785154793
5;43-u;10401;79720;0,130469141996989;7,66464763003557
5;62-u;10396;80584;0,129008239849102;7,75144286263948
5;82-u;10382;79938;0,129875653631564;7,69967251011366
5;aq-s;10353;19963;0,518609427440765;1,92823336231044
5;55-u;10010;35011;0,285910142526634;3,4976023976024
5;kq-s;9941;20207;0,491958232295739;2,03269288803943
5;aj-s;9879;20420;0,483790401567091;2,06701083105578
5;52-u;9740;80753;0,120614714004433;8,29086242299795
5;72-u;9612;80943;0,118750231644491;8,42103620474407
5;kj-s;9556;20823;0,458915622148586;2,17904981163667
5;at-s;9461;20963;0,45131899060249;2,21572772434204
5;44-u;9356;35822;0,261180280274692;3,82877297990594
5;qj-s;9305;21009;0,44290542148603;2,25781837721655
5;42-u;9156;81518;0,112318751686744;8,90323285277414
5;kt-s;8939;21168;0,42228835978836;2,3680501174628
5;qt-s;8864;21118;0,419736717492187;2,38244584837545
5;32-u;8714;81972;0,106304591811838;9,40693137479918
5;a9-s;8698;21624;0,402238253792083;2,48608875603587
5;jt-s;8690;21267;0,408614285042554;2,44729574223245
5;33-u;8640;36508;0,236660457981812;4,22546296296296
5;a8-s;8347;21923;0,380741686812936;2,62645261770696
5;k9-s;8333;21913;0,380276548167754;2,62966518660746
5;q9-s;8134;22132;0,367522139887945;2,72092451438407
5;22-u;8114;37195;0,218147600483936;4,5840522553611
5;t9-s;8108;22139;0,366231537106464;2,73051307350765
5;j9-s;8068;22105;0,364985297444017;2,73983639067923
5;a7-s;7940;21884;0,362822153171267;2,75617128463476
5;a6-s;7787;22367;0,348146823445254;2,87235135482214
5;k8-s;7630;22266;0,342674930387137;2,91821756225426
5;98-s;7525;22728;0,331089405139036;3,02033222591362
5;a5-s;7495;22645;0,330978140869949;3,02134756504336
5;q8-s;7485;22747;0,329054380797468;3,03901135604542
5;j8-s;7481;23002;0,325232588470568;3,07472263066435
5;t8-s;7413;22875;0,324065573770492;3,08579522460542
5;k7-s;7289;22623;0,322194227113999;3,1037179311291
5;a4-s;7263;22843;0,317952983408484;3,14511909679196
5;k6-s;7176;23087;0,310824273400615;3,2172519509476
5;a3-s;7094;23317;0,304241540506926;3,2868621370172
5;j7-s;6988;23435;0,298186473223811;3,35360618202633
5;97-s;6957;23236;0,299406093992081;3,33994537875521
5;k5-s;6918;23219;0,297945647960722;3,35631685458225
5;a2-s;6908;23485;0,294145199063232;3,39968152866242
5;t7-s;6883;23294;0,295483815574826;3,38428011041697
5;q6-s;6821;23476;0,290552053160675;3,44172408737722
5;q7-s;6808;23261;0,292678732642621;3,41671562867215
5;87-s;6735;23006;0,292749717465009;3,4158871566444
5;k4-s;6656;23313;0,285505940891348;3,50255408653846
5;q4-s;6413;24012;0,267074795935366;3,74426945267426
5;q5-s;6366;23599;0,269757193101403;3,70703738611373
5;k2-s;6335;23894;0,265129321168494;3,77174427782163
5;76-s;6328;23477;0,26954040124377;3,71001896333755
5;k3-s;6327;23854;0,265238534417708;3,77019124387545
5;86-s;6285;23783;0,264264390531052;3,78408910103421
5;j6-s;6265;23816;0,263058448102116;3,80143655227454
5;96-s;6257;23564;0,265532167713461;3,76602205529807
5;t6-s;6244;23878;0,261495937683223;3,82415118513773
5;65-s;6222;23986;0,259401317435171;3,85503053680489
5;j5-s;6102;24114;0,253048021895994;3,95181907571288
5;75-s;6038;23973;0,251866683352104;3,97035442199404
5;q3-s;6020;23727;0,253719391410629;3,94136212624585
5;j4-s;5958;24297;0,245215458698605;4,07804632426989
5;q2-s;5802;24206;0,239692638188879;4,17200965184419
5;85-s;5800;23963;0,242039811375871;4,13155172413793
5;95-s;5783;24517;0,235877146469796;4,23949507176206
5;j3-s;5745;24461;0,234863660520829;4,25778938207137
5;64-s;5723;24247;0,236029199488597;4,23676393499913
5;t5-s;5716;24510;0,233210934312525;4,28796361091673
5;54-s;5537;24826;0,223032304841698;4,48365540906628
5;t4-s;5501;24437;0,225109465155297;4,4422832212325
5;84-s;5498;24800;0,221693548387097;4,51073117497272
5;74-s;5484;24639;0,222573968099355;4,49288840262582
5;j2-s;5472;24652;0,221969819892909;4,50511695906433
5;t3-s;5434;24889;0,218329382458114;4,58023555391976
5;94-s;5321;24799;0,21456510343159;4,66059011464011
5;t2-s;5209;24797;0,210065733758116;4,76041466692263
5;63-s;5135;25017;0,20526042291242;4,87185978578384
5;93-s;5036;24982;0,201585141301737;4,96068308181096
5;73-s;5025;25598;0,196304398781155;5,09412935323383
5;43-s;4974;25231;0,197138440806944;5,07257740249296
5;92-s;4968;25414;0,195482804753286;5,11553945249597
5;53-s;4942;25111;0,196806180558321;5,08114123836503
5;83-s;4802;25303;0,189779867999842;5,26926280716368
5;82-s;4771;25228;0,189115268749009;5,28778033955146
5;62-s;4760;25336;0,18787496053047;5,32268907563025
5;52-s;4543;25737;0,176516299491005;5,66519920757209
5;72-s;4467;25701;0,173806466674448;5,75352585627938
5;42-s;4342;25870;0,167839195979899;5,95808383233533
5;32-s;4134;26279;0,15731192206705;6,35679729075955
6;ak-u;30754;77832;0,395133107205263;2,53079274240749
6;aq-u;28615;79886;0,358197932053176;2,79175257731959
6;kq-u;27372;80853;0,338540313903009;2,95385795703639
6;aj-u;26672;82262;0,324232330845348;3,08420815836833
6;aa-u;26641;27506;0,968552315858358;1,032468751173
6;at-u;25671;82884;0,309722021137976;3,22870164777375
6;kj-u;25537;82974;0,307771109022103;3,24916787406508
6;qj-u;25197;83561;0,301540192194923;3,31630749692424
6;kt-u;24460;84758;0,288586328134217;3,46516762060507
6;kk-u;23464;30540;0,7683038637852;1,30156836004091
6;qt-u;23442;85294;0,274837620465683;3,63851207234878
6;jt-u;23429;85063;0,275431151029237;3,6306713901575
6;a9-u;22372;86435;0,258830334933765;3,86353477561237
6;a8-u;21111;87512;0,241235487704543;4,14532708066885
6;k9-u;21066;87499;0,240757037223283;4,15356498623374
6;qq-u;20873;33471;0,623614472229691;1,60355483160063
6;q9-u;20539;88048;0,233270488824278;4,28686888358732
6;t9-u;20473;87704;0,233432910699626;4,28388609387974
6;a7-u;20405;88062;0,231711748540801;4,31570693457486
6;j9-u;20289;88285;0,229812538936399;4,35137266499088
6;a6-u;19355;89123;0,217171773840647;4,60464996125032
6;k8-u;19152;89465;0,214072542334991;4,67131370091896
6;a5-u;18811;89454;0,210286851342589;4,75540906916166
6;t8-u;18657;90715;0,205666097117346;4,86225009379857
6;jj-u;18580;35735;0,51993843570729;1,92330462863294
6;q8-u;18404;90045;0,204386695541118;4,89268637252771
6;j8-u;18304;90778;0,201634757320056;4,95946241258741
6;a4-u;18160;90208;0,201312522170983;4,96740088105727
6;k7-u;18084;90288;0,200292397660819;4,99270072992701
6;98-u;17993;90319;0,199216111781574;5,01967431779025
6;a3-u;17419;90860;0,191712524763372;5,2161432918078
6;k6-u;17388;91000;0,191076923076923;5,23349436392915
6;a2-u;17086;91425;0,186885425211922;5,35087205899567
6;k5-u;16636;92368;0,180105664299324;5,5522962250541
6;tt-u;16513;38048;0,434004415475189;2,30412402349664
6;87-u;16512;91874;0,179724405163594;5,5640746124031
6;q7-u;16490;91379;0,180457216647151;5,54147968465737
6;97-u;16346;92056;0,17756582949509;5,63171418083935
6;t7-u;16309;92158;0,176967816141843;5,65074498743025
6;j7-u;16258;92145;0,176439307613001;5,66767130028294
6;k4-u;15878;92219;0,172177100163741;5,80797329638493
6;q6-u;15756;92276;0,170748623694135;5,85656257933486
6;76-u;15473;93038;0,166308390120166;6,01292574161443
6;k3-u;15376;93902;0,163745181146301;6,10704994797086
6;q5-u;15022;93065;0,161414065438135;6,19524697110904
6;86-u;14959;93512;0,159968774061083;6,25122000133699
6;k2-u;14907;93415;0,159578226194937;6,26651908499363
6;99-u;14783;39559;0,373694987234258;2,67597916525739
6;j6-u;14636;94191;0,15538639572783;6,43556982782181
6;96-u;14624;93647;0,156160902111119;6,40365153172867
6;t6-u;14567;94082;0,15483301800557;6,45857074208828
6;65-u;14488;94032;0,15407520843968;6,4903368304804
6;q4-u;14465;93582;0,154570323352782;6,46954718285517
6;j5-u;14122;93891;0,150408452354326;6,64856252655431
6;q3-u;14057;94430;0,148861590596209;6,71764956960945
6;75-u;13778;95168;0,144775554808339;6,90724343155756
6;85-u;13558;95460;0,142028074586214;7,04086148399469
6;q2-u;13495;95162;0,141810806834661;7,05164875879955
6;j4-u;13258;95306;0,139109814702117;7,1885653944788
6;88-u;13242;41170;0,321641972309934;3,10904697175653
6;64-u;13055;95639;0,136502891079999;7,32585216392187
6;95-u;13052;95526;0,136632958566254;7,31887833282256
6;t5-u;13019;95855;0,135819727713734;7,36270066825409
6;j3-u;12690;95632;0,132696168646478;7,53601260835303
6;t4-u;12384;96184;0,128753222989271;7,76679586563308
6;77-u;12324;42695;0,288652066986767;3,46437844855566
6;74-u;12292;96558;0,12730172538785;7,85535307517084
6;j2-u;12159;96356;0,126188301714475;7,92466485730735
6;54-u;12115;95935;0,126283421066347;7,9186958316137
6;t3-u;11884;96768;0,122809193121693;8,1427128912824
6;84-u;11734;97698;0,120104812790436;8,32606101926027
6;ak-s;11497;25039;0,459163704620792;2,17787248847525
6;63-u;11485;97089;0,118293524498141;8,45354810622551
6;t2-u;11398;96892;0,117636130949924;8,50078961221267
6;94-u;11350;97229;0,116734719065299;8,56643171806167
6;66-u;11152;43615;0,255691849134472;3,91095767575323
6;53-u;11014;98147;0,112219425963096;8,91111312874523
6;73-u;10896;97945;0,111246107509316;8,9890785609398
6;93-u;10836;97820;0,110774892659988;9,02731635289775
6;aq-s;10712;25414;0,421499960651609;2,37247946228529
6;kq-s;10404;25836;0,402693915466791;2,48327566320646
6;aj-s;10390;26000;0,399615384615385;2,50240615976901
6;92-u;10337;97736;0,105764508471802;9,45496759214472
6;55-u;10177;44228;0,230103102107262;4,34587796010612
6;83-u;10142;98542;0,102920582086826;9,71622954052455
6;43-u;10134;97983;0,103426104528337;9,66873889875666
6;82-u;10036;99164;0,101206082852648;9,88082901554404
6;at-s;9956;26172;0,380406541341892;2,62876657292085
6;qj-s;9928;26202;0,37890237386459;2,63920225624496
6;62-u;9875;98448;0,100306760929628;9,96941772151899
6;kj-s;9772;26215;0,372763684913218;2,68266475644699
6;52-u;9655;99315;0,0972159291144339;10,2863801139306
6;44-u;9378;45204;0,207459516856915;4,82021753039028
6;qt-s;9348;26684;0,350322290511168;2,85451433461703
6;kt-s;9345;26622;0,351025467658328;2,84879614767255
6;jt-s;9281;26784;0,34651284348865;2,88589591638832
6;72-u;9242;99379;0,0929975145654515;10,7529755464185
6;a9-s;9210;27612;0,3335506301608;2,99804560260586
6;42-u;9130;99975;0,0913228307076769;10,9501642935378
6;33-u;8900;45284;0,196537408356152;5,08808988764045
6;a8-s;8653;27507;0,314574471952594;3,17889749219924
6;k9-s;8575;27618;0,310485914982982;3,22075801749271
6;32-u;8517;100132;0,085057723804578;11,7567218504168
6;22-u;8459;45769;0,184819419257576;5,41068684241636
6;q9-s;8397;28127;0,298538770576315;3,34964868405383
6;t9-s;8276;27690;0,298880462260744;3,34581923634606
6;a7-s;8234;28066;0,293379890258676;3,40854991498664
6;j9-s;8225;27944;0,294338677354709;3,39744680851064
6;k8-s;7865;28194;0,278960062424629;3,58474253019708
6;a6-s;7806;28158;0,277221393564884;3,60722521137586
6;a5-s;7746;28390;0,27284255019373;3,66511747998967
6;q8-s;7709;28579;0,269743517967739;3,70722532105331
6;t8-s;7652;28746;0,266193557364503;3,75666492420282
6;k7-s;7613;28963;0,26285260504782;3,80441350321818
6;98-s;7590;28544;0,265905269058296;3,76073781291173
6;j8-s;7588;28679;0,264583841835489;3,77952029520295
6;a4-s;7307;28875;0,253056277056277;3,95169016012043
6;a3-s;7281;28946;0,251537345401783;3,97555280868013
6;k6-s;7228;29069;0,248649764353779;4,02172108467073
6;t7-s;7199;28855;0,249488823427482;4,00819558271982
6;97-s;7189;28877;0,248952453509714;4,01683126999583
6;q7-s;7149;29129;0,245425520958495;4,07455588194153
6;j7-s;7081;29002;0,244155575477553;4,0957491879678
6;87-s;7009;28933;0,242249334669754;4,1279783135968
6;k5-s;6994;29286;0,238817182271392;4,18730340291679
6;a2-s;6991;29365;0,238072535331177;4,20040051494779
6;k4-s;6871;29521;0,232749568104062;4,29646339688546
6;q6-s;6830;29303;0,233081937003037;4,29033674963397
6;76-s;6747;29302;0,230257320319432;4,34296724470135
6;86-s;6629;29448;0,225108666123336;4,44229898928949
6;k3-s;6560;29621;0,221464501536072;4,51539634146341
6;q5-s;6550;29391;0,22285733728012;4,48717557251908
6;j6-s;6535;29633;0,220531164580029;4,534506503443
6;96-s;6531;29898;0,218442705197672;4,57785943959577
6;t6-s;6514;29653;0,21967423194955;4,55219527172244
6;65-s;6359;29877;0,212839307828765;4,69838024846674
6;k2-s;6324;29682;0,213058419243986;4,69354838709677
6;j5-s;6288;30364;0,207087340271374;4,82888040712468
6;75-s;6269;29657;0,211383484506187;4,73073855479343
6;q4-s;6244;29819;0,209396693383413;4,77562459961563
6;85-s;6139;30272;0,202794661733615;4,93109626975077
6;q3-s;6109;29935;0,204075496909972;4,90014732362089
6;q2-s;6028;30185;0,199701838661587;5,00746516257465
6;95-s;6019;29999;0,200640021334044;4,98405050672869
6;t5-s;5964;30829;0,193454215186999;5,16918175720993
6;j4-s;5940;30303;0,196020196020196;5,10151515151515
6;j3-s;5808;30595;0,18983494034973;5,26773415977961
6;64-s;5774;30361;0,190178189124205;5,25822653273294
6;74-s;5723;30276;0,189027612630466;5,29023239559672
6;t4-s;5653;30297;0,186586130639997;5,35945515655404
6;54-s;5646;30908;0,182671153099521;5,47431810131066
6;j2-s;5497;30434;0,180620358809227;5,53647444060397
6;84-s;5486;30972;0,177127728270696;5,64564345607
6;t3-s;5451;30925;0,17626515763945;5,67327095945698
6;94-s;5395;30959;0,17426273458445;5,73846153846154
6;63-s;5357;30857;0,173607285218913;5,76012693671831
6;53-s;5263;30823;0,17074911591993;5,85654569637089
6;t2-s;5257;30949;0,169860092410094;5,88719802168537
6;73-s;5186;31033;0,167112428704927;5,9839953721558
6;43-s;5178;31275;0,165563549160671;6,03997682502897
6;93-s;5159;31183;0,165442709168457;6,04438844737352
6;92-s;4957;31343;0,158153335673037;6,32297760742384
6;83-s;4865;31294;0,155461110756055;6,43247687564234
6;82-s;4797;31117;0,154160105408619;6,48676255993329
6;62-s;4720;31048;0,15202267456841;6,57796610169492
6;52-s;4633;31361;0,147731258569561;6,76904813295921
6;72-s;4545;31758;0,143113546193085;6,98745874587459
6;42-s;4501;31827;0,141420806233701;7,07109531215285
6;32-s;4395;31870;0,137903984938814;7,2514220705347
7;ak-u;31867;95064;0,335216275351342;2,98314871183356
7;aq-u;29191;97512;0,29935802772992;3,34048165530472
7;aa-u;27916;35295;0,790933559994333;1,26432870038687
7;kq-u;27566;98769;0,279095667669005;3,5830007980846
7;aj-u;27174;99294;0,27367212520394;3,65400750717598
7;kj-u;26052;101346;0,257059972766562;3,8901427913404
7;at-u;25520;101210;0,25214899713467;3,96590909090909
7;qj-u;25100;101308;0,247759308248115;4,03617529880478
7;kt-u;24305;101917;0,238478369653738;4,19325241719811
7;kk-u;23953;38717;0,618668801818323;1,61637373189162
7;qt-u;23937;103214;0,231916212916852;4,31190207628358
7;jt-u;23874;102753;0,232343581209308;4,30397084694647
7;a9-u;22288;104841;0,212588586526264;4,70392139267767
7;qq-u;21074;42170;0,499739151055253;2,00104394040049
7;a8-u;20957;105251;0,199114497724487;5,02223600706208
7;t9-u;20819;106330;0,195796106461018;5,10735385945531
7;k9-u;20806;105689;0,196860600440916;5,07973661443814
7;q9-u;20441;106229;0,192423914373664;5,19685925346118
7;j9-u;20353;106707;0,190737252476407;5,24281432712622
7;a7-u;20069;106597;0,188269838738426;5,31152523792914
7;a6-u;19020;107842;0,176369132619944;5,66992639327024
7;k8-u;18582;107774;0,172416352738137;5,79991389516737
7;jj-u;18385;44704;0,411260737294202;2,43154745716617
7;t8-u;18323;108159;0,169408001183443;5,90290891229602
7;98-u;18278;108266;0,168824931188;5,92329576540103
7;a5-u;18274;108610;0,168253383666329;5,94341687643647
7;j8-u;18148;109094;0,166351953361321;6,01135111307031
7;q8-u;17973;109112;0,164720654006892;6,07088410393368
7;k7-u;17791;109776;0,162066389739105;6,17031083131921
7;a4-u;17655;109046;0,161904150541973;6,17649391107335
7;a3-u;16891;109478;0,154286706004859;6,4814398200225
7;k6-u;16888;109888;0,153683750728014;6,5068687825675
7;a2-u;16619;110490;0,150411801973029;6,64841446537096
7;87-u;16552;110319;0,150037618180005;6,66499516674722
7;tt-u;16392;47059;0,348328693767398;2,87085163494387
7;t7-u;16228;110459;0,146914239672639;6,80669213704708
7;97-u;16143;110886;0,145581949028732;6,86898346032336
7;k5-u;16080;110646;0,145328344449867;6,88097014925373
7;j7-u;15723;110827;0,141869760978823;7,04871843795713
7;q7-u;15699;111059;0,141357296572092;7,07427224663991
7;76-u;15618;110612;0,141196253571041;7,08234088871815
7;k4-u;15571;111063;0,140199706472903;7,1326825508959
7;q6-u;15203;111467;0,136390142373976;7,33190817601789
7;k3-u;15062;111592;0,134973833249695;7,40884344708538
7;86-u;14866;112316;0,132358702232986;7,5552266917799
7;65-u;14679;111855;0,131232399088105;7,62006948702228
7;q5-u;14571;112646;0,129352129680592;7,73083522064375
7;k2-u;14528;111904;0,129825564769803;7,70264317180617
7;96-u;14526;113161;0,128365779729766;7,79023819358392
7;99-u;14440;48898;0,295308601578797;3,38628808864266
7;t6-u;14185;112413;0,126186473094749;7,92477969686288
7;q4-u;13940;113081;0,123274466975;8,11197991391679
7;j6-u;13925;112977;0,123255175832249;8,11324955116697
7;75-u;13769;112702;0,122171744955724;8,18519863461399
7;q3-u;13547;113120;0,119757779349364;8,35018823355725
7;j5-u;13423;113735;0,118019958675869;8,47314311256798
7;85-u;13228;113664;0,116378096846847;8,59268218929543
7;88-u;13180;50151;0,262806324898806;3,80508345978756
7;64-u;13113;113430;0,115604337476858;8,65019446350949
7;q2-u;13051;113500;0,114986784140969;8,69665159757873
7;j4-u;12661;113408;0,111641154063205;8,95727035779164
7;t5-u;12631;114377;0,110433041608016;9,05526086612303
7;95-u;12563;113916;0,110283015555321;9,06757939982488
7;j3-u;12486;113816;0,10970338089548;9,11548934806984
7;54-u;12338;114442;0,107810069729645;9,27557140541417
7;t4-u;12125;114914;0,105513688497485;9,47744329896907
7;74-u;12098;114783;0,105398883109868;9,48776657298727
7;j2-u;11996;114577;0,104698150588687;9,55126708902968
7;77-u;11989;51447;0,233035939899314;4,29118358495287
7;ak-s;11927;30314;0,393448571617075;2,54162823845057
7;84-u;11592;115061;0,100746560520072;9,92589717046239
7;aq-s;11387;30934;0,368106290812698;2,7166066567138
7;t3-u;11367;115438;0,0984684419341984;10,1555379607636
7;63-u;11352;115107;0,0986212828064323;10,139799154334
7;t2-u;11328;115337;0,0982165306883307;10,1815854519774
7;53-u;11148;115896;0,0961896873058604;10,3961248654467
7;66-u;10854;51641;0,210181832265061;4,75778514833241
7;aj-s;10824;31746;0,340956340956341;2,93292682926829
7;94-u;10809;115727;0,0934008485487397;10,7065408455916
7;kq-s;10766;31673;0,339910965175386;2,94194686977522
7;73-u;10447;116204;0,0899022408867165;11,1231932612233
7;93-u;10435;116368;0,089672418534305;11,151701006229
7;kj-s;10206;32016;0,318778110944528;3,13697824808936
7;43-u;10181;117119;0,0869286793773854;11,5036833316963
7;55-u;10172;52733;0,192896288851383;5,18413291388124
7;92-u;10071;116674;0,0863174314757358;11,585145467183
7;qj-s;10015;32248;0,310561895311337;3,2199700449326
7;at-s;10005;32290;0,30984825023227;3,22738630684658
7;83-u;9987;117176;0,0852307639789718;11,7328527085211
7;kt-s;9830;32809;0,299612911091469;3,33763987792472
7;44-u;9786;53342;0,18345768812568;5,45084815041897
7;62-u;9767;116783;0,0836337480626461;11,9568956690898
7;82-u;9693;117318;0,0826215925944868;12,1033735685546
7;jt-s;9595;32375;0,296370656370656;3,37415320479416
7;qt-s;9572;32546;0,294106802679285;3,40012536564981
7;52-u;9406;116235;0,0809222695401557;12,3575377418669
7;33-u;9230;53853;0,171392494382857;5,83456121343445
7;72-u;9154;118080;0,0775237127371274;12,8992790037142
7;22-u;9142;54398;0,168057649178279;5,95033909429009
7;a9-s;9084;33295;0,272833758822646;3,66523557904007
7;42-u;8868;117518;0,0754607804761824;13,2519170049617
7;k9-s;8844;33302;0,26556963545733;3,7654907281773
7;a8-s;8656;33458;0,258712415565784;3,86529574861368
7;t9-s;8545;33818;0,252676089656396;3,95763604447045
7;j9-s;8530;33633;0,253619956590254;3,94290738569754
7;q9-s;8525;33434;0,254979960519232;3,92187683284457
7;32-u;8481;118755;0,0714159403814576;14,0024761230987
7;a7-s;8302;34156;0,243061248389741;4,11418935196338
7;k8-s;8053;34403;0,234078423393309;4,27207251955793
7;a6-s;7977;34184;0,233354785864732;4,28532029585057
7;a5-s;7903;34766;0,227319795202209;4,39908895356194
7;j8-s;7836;34334;0,228228578085862;4,38157223072996
7;98-s;7833;34150;0,229370424597365;4,3597599897868
7;t8-s;7800;34326;0,227233001223562;4,40076923076923
7;q8-s;7718;34330;0,224817943489659;4,44804353459445
7;k7-s;7554;34957;0,216094058414624;4,62761450886947
7;a4-s;7460;34725;0,214830813534917;4,65482573726542
7;a3-s;7432;35208;0,211088389002499;4,73735199138859
7;k6-s;7412;34715;0,213510010082097;4,68362115488397
7;87-s;7373;34647;0,212803417323289;4,69917265699173
7;97-s;7298;34992;0,208561957018747;4,7947382844615
7;t7-s;7269;34999;0,20769164833281;4,81483010042647
7;76-s;7229;35063;0,206171747996464;4,85032507954074
7;a2-s;7143;35296;0,202374206708976;4,94134117317654
7;k5-s;7072;34876;0,202775547654548;4,93156108597285
7;j7-s;7060;35179;0,200687910401092;4,9828611898017
7;q7-s;7049;34942;0,201734302558526;4,95701517945808
7;k4-s;6959;35348;0,196871110105239;5,07946544043684
7;86-s;6916;35200;0,196477272727273;5,08964719491035
7;q6-s;6851;35429;0,193372660814587;5,17136184498613
7;65-s;6707;35694;0,18790272874993;5,32190248993589
7;96-s;6695;35132;0,190567004440396;5,24749813293503
7;t6-s;6640;35435;0,187385353464089;5,33659638554217
7;k3-s;6624;35541;0,186376297796911;5,36548913043478
7;j6-s;6611;35579;0,185811855307906;5,38178792920889
7;q5-s;6582;35562;0,185085203306901;5,40291704649043
7;75-s;6549;35637;0,183769677582288;5,44159413650939
7;k2-s;6486;35804;0,181152943805161;5,52019734813444
7;q4-s;6358;35877;0,177216601165092;5,64281220509594
7;85-s;6304;35907;0,175564653131701;5,69590736040609
7;j5-s;6273;35774;0,175350813439928;5,70285349912323
7;64-s;6250;35748;0,174834955801723;5,71968
7;q3-s;6098;35924;0,169747244182162;5,89111183994752
7;j4-s;6080;36273;0,167617787334932;5,96595394736842
7;q2-s;6062;36321;0,166900691060268;5,99158693500495
7;t5-s;5998;35769;0,167687103357656;5,96348782927643
7;54-s;5991;36229;0,165364763035138;6,04723752295109
7;95-s;5880;35719;0,164618270388309;6,07465986394558
7;j3-s;5861;36298;0,161468951457381;6,19314110220099
7;t4-s;5800;36758;0,157788780673595;6,33758620689655
7;74-s;5731;36040;0,159017758046615;6,28860582795324
7;j2-s;5661;36389;0,155568990629036;6,42801625154566
7;84-s;5630;36553;0,154022925614861;6,49253996447602
7;63-s;5599;36844;0,15196504179785;6,58046079657082
7;t3-s;5584;36524;0,152885773737816;6,54083094555874
7;t2-s;5488;36877;0,14881904710253;6,71956997084548
7;94-s;5445;36755;0,148143109780982;6,75022956841139
7;73-s;5357;37092;0,144424673784104;6,92402464065708
7;53-s;5298;36662;0,144509301183787;6,9199697999245
7;43-s;5297;37168;0,142515066724064;7,0168019633755
7;93-s;5171;36664;0,141037530002182;7,09031135176948
7;83-s;5039;37469;0,134484507192613;7,43580075411788
7;92-s;5032;37139;0,135490993295458;7,38056438791733
7;62-s;4971;37353;0,13308168018633;7,51418225709113
7;82-s;4805;37163;0,129295266797621;7,73423517169615
7;52-s;4764;37358;0,127522886664168;7,84172963895886
7;72-s;4759;37249;0,127761819109238;7,8270645093507
7;42-s;4717;37373;0,126214111791935;7,92304430782277
7;32-s;4505;37794;0,11919881462666;8,38934517203108
8;ak-u;32425;112486;0,288258094340629;3,4691133384734
8;aq-u;29109;116035;0,250863963459301;3,98622419183071
8;aa-u;28415;43968;0,646265465793304;1,54735175083583
8;kq-u;27693;116904;0,236886676247177;4,22142779763839
8;aj-u;26834;117799;0,22779480301191;4,38991577848997
8;kj-u;25935;118813;0,218284194490502;4,58118372855215
8;at-u;25224;119874;0,210420941989089;4,7523786869648
8;qj-u;25059;119804;0,209166638843444;4,78087712997326
8;kk-u;24343;48007;0,507071885350053;1,97210697120322
8;kt-u;24122;120752;0,199764807208162;5,00588674239284
8;jt-u;24028;120909;0,198727968968398;5,03200432828367
8;qt-u;23714;120775;0,196348582074105;5,09298304798853
8;a9-u;21766;123194;0,176680682500771;5,65992832858587
8;qq-u;21104;51313;0,411279792645139;2,43143479909022
8;t9-u;20561;124028;0,165777082594253;6,03219687758378
8;k9-u;20438;123734;0,165176911762329;6,05411488403953
8;a8-u;20331;124109;0,163815678153881;6,10442181889725
8;j9-u;20217;124983;0,161757999087876;6,18207449176436
8;q9-u;20206;124598;0,162169537231737;6,16638622191428
8;a7-u;19330;125113;0,154500331700143;6,4724780134506
8;a6-u;18791;126273;0,148812493565529;6,71986589324677
8;t8-u;18364;126786;0,144842490495796;6,90405140492267
8;jj-u;18198;54470;0,334092160822471;2,99318606440268
8;98-u;18148;127038;0,142854893811301;7,00011020498127
8;k8-u;17932;126675;0,141559107953424;7,06418692839616
8;j8-u;17856;127013;0,140584034705109;7,1131832437276
8;a5-u;17821;127051;0,140266507150672;7,12928567420459
8;q8-u;17488;126682;0,138046447009046;7,24393870082342
8;k7-u;17205;127946;0,134470792365529;7,43655913978495
8;a4-u;17152;126802;0,135266005268056;7,39284048507463
8;a3-u;16710;128018;0,130528519426956;7,66116098144823
8;87-u;16464;128357;0,128267254610189;7,79622206025267
8;k6-u;16378;128217;0,12773657159347;7,82861155208206
8;a2-u;16144;128508;0,125626420145049;7,96010901883053
8;97-u;16096;128565;0,12519737097966;7,98738817097415
8;t7-u;15972;128854;0,123954242786409;8,06749311294766
8;tt-u;15968;56387;0,283185840707965;3,53125
8;76-u;15719;128807;0,122035293112952;8,19435078567339
8;k5-u;15582;129017;0,120774781617926;8,27987421383648
8;q7-u;15551;129462;0,120120189708177;8,32499517715902
8;j7-u;15288;128726;0,118763886083619;8,42006802721088
8;k4-u;15185;129191;0,117539147463833;8,50780375370431
8;86-u;15111;130183;0,116075063564367;8,61511481702071
8;65-u;14765;129806;0,11374666810471;8,79146630545208
8;q6-u;14752;129894;0,113569525921136;8,80517895878525
8;k3-u;14623;130383;0,112154191880843;8,91629624564043
8;99-u;14308;57594;0,248428655762753;4,02530053117137
8;k2-u;14223;130152;0,109279918864097;9,1508120649652
8;96-u;14112;130210;0,108378772751709;9,22689909297052
8;75-u;14027;130819;0,107224485739839;9,32622798887859
8;q5-u;14001;130884;0,106972586412396;9,34818941504178
8;t6-u;13880;130611;0,106269762883677;9,4100144092219
8;q4-u;13804;131441;0,105020503495865;9,52195015937409
8;j6-u;13491;131625;0,102495726495726;9,75650433622415
8;64-u;13278;131764;0,100771075559333;9,92348245217653
8;88-u;13086;59591;0,219596918997835;4,55379795200978
8;q3-u;13039;131775;0,0989489660405995;10,1062198021321
8;85-u;13020;131300;0,0991622239146992;10,0844854070661
8;j5-u;12979;131836;0,09844807184684;10,1576392634255
8;q2-u;12787;132214;0,0967144175352081;10,3397200281536
8;54-u;12473;132186;0,0943594631806697;10,5977711857612
8;j4-u;12441;132256;0,0940675659327365;10,6306566996222
8;74-u;12370;132296;0,0935024490536373;10,6949070331447
8;ak-s;12347;36105;0,341974795734663;2,92419211144408
8;95-u;12172;132519;0,0918509798594919;10,8872001314492
8;t5-u;12074;133230;0,0906252345567815;11,0344541991055
8;j3-u;11991;132623;0,0904141815522194;11,0602118255358
8;77-u;11947;60134;0,198672963714371;5,03339750564995
8;j2-u;11754;133280;0,0881902761104442;11,3391185979241
8;63-u;11671;133464;0,0874468021339088;11,4355239482478
8;t4-u;11633;133069;0,0874208117593128;11,4389237513969
8;aq-s;11466;36648;0,31286836935167;3,19623233908948
8;84-u;11322;132938;0,085167521701846;11,7415650945063
8;kq-s;11277;37133;0,303692133681631;3,29280837102066
8;66-u;11196;61052;0,183384655703335;5,45301893533405
8;t3-u;11177;133750;0,0835663551401869;11,9665384271271
8;53-u;11099;133960;0,0828530904747686;12,0695558158393
8;t2-u;10817;133940;0,0807600418097656;12,3823610982712
8;55-u;10757;61830;0,173977033802361;5,74788509807567
8;aj-s;10757;37407;0,287566498248991;3,47745653992749
8;kj-s;10670;37555;0,284116628944215;3,51968134957826
8;94-u;10474;134787;0,0777077908106865;12,8687225510789
8;at-s;10417;38183;0,272817746117382;3,66545070557742
8;73-u;10414;134723;0,0772993475501585;12,9367198002689
8;43-u;10341;133855;0,0772552388778903;12,9441059858814
8;qj-s;10275;38127;0,269494059328035;3,71065693430657
8;93-u;10201;134501;0,0758433022802804;13,185079894128
8;44-u;10128;62131;0,163010413481193;6,13457740916272
8;qt-s;9975;38294;0,260484671227869;3,83899749373434
8;62-u;9948;135085;0,0736425213754303;13,5791113791717
8;jt-s;9948;38397;0,259082740839128;3,85977080820265
8;kt-s;9945;38571;0,25783619817998;3,87843137254902
8;33-u;9894;62377;0,158616156596181;6,30452799676572
8;92-u;9825;135067;0,0727416763532173;13,7472773536896
8;83-u;9735;134505;0,0723764915802387;13,8166409861325
8;22-u;9629;62919;0,15303803302659;6,53432339806834
8;82-u;9394;135905;0,0691218130311615;14,4672131147541
8;52-u;9300;135900;0,0684326710816777;14,6129032258065
8;a9-s;9254;39362;0,235099842487678;4,25351199481305
8;72-u;9051;135739;0,0666794362710791;14,9971273892388
8;t9-s;8985;39269;0,228806437648018;4,37050639955481
8;42-u;8984;136346;0,0658911885937248;15,176536064114
8;j9-s;8835;39549;0,223393764696958;4,47640067911715
8;k9-s;8802;39413;0,223327328546419;4,47773233356055
8;a8-s;8794;39603;0,222053884806707;4,50341141687514
8;q9-s;8707;39670;0,21948575749937;4,5561042839095
8;a7-s;8450;39608;0,213340739244597;4,68733727810651
8;32-u;8294;136235;0,0608800968914009;16,4257294429708
8;t8-s;8245;40109;0,205564835822384;4,86464523953912
8;k8-s;8228;40191;0,204722450299818;4,88466212931454
8;j8-s;8105;39998;0,202635131756588;4,93497840838988
8;98-s;8086;40074;0,201776713080801;4,955973287163
8;a6-s;8080;39983;0,202085886501763;4,94839108910891
8;q8-s;8048;40481;0,198809317951632;5,02994532803181
8;a5-s;7823;40100;0,195087281795511;5,12591077591717
8;87-s;7803;40583;0,192272626469211;5,20094835319749
8;k7-s;7656;40307;0,189942193663632;5,26475966562173
8;97-s;7611;40800;0,186544117647059;5,36066219944817
8;a4-s;7561;40717;0,185696392170347;5,38513424150245
8;t7-s;7523;40780;0,184477685139774;5,42070982320883
8;76-s;7489;40285;0,185900459228;5,37922286019495
8;k6-s;7379;40497;0,182211027977381;5,48814202466459
8;a3-s;7358;41128;0,178904882318615;5,58956238108182
8;j7-s;7344;40924;0,179454598768449;5,57244008714597
8;q7-s;7315;40776;0,179394742005101;5,5742993848257
8;k5-s;7263;41083;0,176788452644646;5,65647803937767
8;a2-s;7259;41352;0,175541690849294;5,69665243146439
8;65-s;7191;41059;0,175138215738328;5,70977610902517
8;q6-s;7070;41520;0,170279383429672;5,87270155586987
8;86-s;7061;40892;0,172674361733346;5,79124769862626
8;k4-s;6913;41614;0,16612197818042;6,0196730797049
8;96-s;6815;41288;0,165060065878706;6,05840058694057
8;t6-s;6761;41769;0,161866455984103;6,17793225854164
8;75-s;6681;41593;0,160627990286827;6,22556503517438
8;q5-s;6660;41523;0,160393035185319;6,23468468468468
8;k3-s;6652;41579;0,159984607614421;6,2506013229104
8;j6-s;6638;41812;0,158758251219746;6,29888520638747
8;q4-s;6633;42172;0,157284454140188;6,3579074325343
8;k2-s;6587;41568;0,15846324095458;6,31061181114316
8;64-s;6566;41521;0,158136846415067;6,32363691745355
8;85-s;6416;41862;0,153265491376427;6,52462593516209
8;j5-s;6411;41701;0,153737320447951;6,50460146622992
8;95-s;6332;42165;0,150171943555081;6,65903348073279
8;q3-s;6324;42026;0,150478275353353;6,64547754585705
8;54-s;6297;42263;0,148995575325935;6,71160870255677
8;j4-s;6267;42068;0,148973091185699;6,71262166906016
8;74-s;6192;42339;0,146248140012754;6,83769379844961
8;t5-s;6167;41985;0,146885792544957;6,80801037781742
8;j3-s;6027;42401;0,142142873988821;7,03517504562801
8;q2-s;6012;42082;0,142863932322608;6,99966733200266
8;t4-s;5894;42350;0,139173553719008;7,18527315914489
8;84-s;5885;42976;0,136936895011169;7,30263381478335
8;63-s;5821;42506;0,136945372418012;7,30218175571208
8;53-s;5698;42801;0,133127730660499;7,51158301158301
8;j2-s;5686;42180;0,134803224276908;7,4182201899402
8;t3-s;5641;42498;0,132735658148619;7,53377060804822
8;94-s;5624;42737;0,13159557292276;7,59903982930299
8;73-s;5611;43075;0,130261172373767;7,67688469078596
8;43-s;5450;42778;0,127401935574361;7,84917431192661
8;t2-s;5433;42636;0,127427526034337;7,84759801214798
8;83-s;5243;43239;0,121256273271815;8,24699599465955
8;93-s;5229;43133;0,121229684928013;8,24880474278065
8;62-s;5073;42823;0,118464376620041;8,44135619948748
8;52-s;5044;43307;0,116470778396102;8,58584456780333
8;92-s;5030;43148;0,116575507555391;8,57813121272366
8;82-s;4950;43207;0,114564769597519;8,72868686868687
8;42-s;4883;43260;0,11287563569117;8,85930780258038
8;72-s;4807;43100;0,1115313225058;8,96609111712087
8;32-s;4587;43655;0,105073874699347;9,51711358186178
9;ak-u;31986;131007;0,244154892486661;4,09576064528231
9;aa-u;28843;52743;0,546859298864304;1,82862392954963
9;aq-u;28808;133806;0,215296772939928;4,64475145792835
9;kq-u;27612;135209;0,204217174892204;4,89674779081559
9;aj-u;26797;135520;0,197734651711924;5,05728253162667
9;kj-u;25662;137321;0,186876005854895;5,35114176603538
9;at-u;25289;137627;0,183750281558125;5,44216853177271
9;qj-u;25071;138110;0,181529215842444;5,50875513541542
9;kk-u;23993;57579;0,416697059691902;2,39982494894344
9;kt-u;23903;139431;0,171432464803379;5,83320085344936
9;qt-u;23683;138971;0,170416849558541;5,86796436262298
9;jt-u;23621;139245;0,16963625264821;5,8949663435079
9;a9-u;21186;141395;0,149835567028537;6,67398281884263
9;t9-u;20401;142207;0,143459885940917;6,97058967697662
9;qq-u;20313;60978;0,333120141690446;3,00191995273963
9;a8-u;20154;141857;0,14207265062704;7,03865237669941
9;k9-u;20125;142718;0,141012346025028;7,09157763975155
9;j9-u;19995;142104;0,140706806282723;7,10697674418605
9;q9-u;19637;144041;0,136329239591505;7,33518358201355
9;a7-u;19064;144166;0,132236449648322;7,56221149811162
9;t8-u;18296;144217;0,126864377985952;7,8824333187582
9;a6-u;18284;145284;0,125850059194405;7,94596368409538
9;jj-u;17913;63835;0,280614083183207;3,5636130184782
9;98-u;17707;144395;0,122628899892656;8,15468458801604
9;k8-u;17668;145120;0,121747519294377;8,21371971926647
9;j8-u;17436;145290;0,120008259343382;8,33275980729525
9;a5-u;17336;145870;0,118845547405224;8,41428241808953
9;q8-u;17196;146021;0,117763883277063;8,49156780646662
9;k7-u;16947;146517;0,115665758922173;8,6456009913259
9;a4-u;16886;146178;0,115516698819248;8,65675707686841
9;87-u;16747;146111;0,114618338112805;8,72460739236878
9;a3-u;16611;146347;0,113504205757549;8,81024622238276
9;a2-u;16064;146806;0,109423320572729;9,13881972111554
9;97-u;16039;146912;0,109174199520802;9,15967329634017
9;tt-u;15784;65344;0,241552399608227;4,13988849467816
9;76-u;15761;146946;0,107257087637636;9,32339318571157
9;k6-u;15677;147505;0,106281143012101;9,40900682528545
9;t7-u;15629;146713;0,106527710564163;9,38722886940943
9;k5-u;15300;148043;0,103348351492472;9,67601307189543
9;86-u;15098;147465;0,102383616451361;9,76718770698106
9;j7-u;15096;148352;0,101757981018119;9,82723900370959
9;q7-u;14982;147581;0,10151713296427;9,85055399813109
9;65-u;14952;148026;0,101009282153135;9,90008025682183
9;k4-u;14536;148080;0,0981631550513236;10,1871216290589
9;q6-u;14349;148807;0,0964269154004852;10,3705484702767
9;75-u;14251;148921;0,0956950329369263;10,449863167497
9;k3-u;14217;148679;0,0956221120669361;10,4578321727509
9;99-u;14123;67330;0,209757908807367;4,76740069390356
9;k2-u;14069;149109;0,0943537948748902;10,5984078470396
9;96-u;14039;149309;0,0940264819937177;10,6353016596624
9;64-u;13648;149463;0,0913135692445622;10,951274912075
9;q5-u;13640;149165;0,091442362484497;10,9358504398827
9;t6-u;13599;148767;0,0914114017221561;10,9395543789985
9;j6-u;13197;150291;0,087809649280396;11,3882700613776
9;88-u;13161;68301;0,192691175824659;5,18965124230682
9;85-u;13155;149757;0,087842304533344;11,3840364880274
9;q4-u;12900;149622;0,0862172675141356;11,5986046511628
9;ak-s;12772;41644;0,306694841994045;3,26056999686815
9;q3-u;12744;149979;0,0849718960654492;11,7685969868173
9;j5-u;12722;150070;0,0847737722396215;11,7961012419431
9;54-u;12573;150408;0,0835926280516994;11,9627773801002
9;q2-u;12517;150198;0,083336662272467;11,9995206519134
9;77-u;12379;69174;0,178954520484575;5,58801195573148
9;j4-u;12093;150566;0,0803169374227913;12,4506739436037
9;74-u;12084;150364;0,0803649809794898;12,4432307183052
9;aq-s;11844;42433;0,279122381165602;3,58265788584938
9;95-u;11821;150658;0,0784624779301464;12,7449454360883
9;t5-u;11808;151031;0,0781826247591554;12,7905657181572
9;j3-u;11720;150935;0,0776493192433829;12,8784129692833
9;63-u;11626;151231;0,0768757728243548;13,0079993118871
9;j2-u;11571;151810;0,0762202753441802;13,11986863711
9;66-u;11567;70114;0,164974184898879;6,06155442206276
9;kq-s;11393;43109;0,264283560277436;3,78381462301413
9;t4-u;11368;151966;0,0748062066514878;13,3678747361013
9;53-u;11270;152193;0,07405071192499;13,5042590949423
9;84-u;11265;151306;0,0744517732277636;13,4315135375056
9;55-u;11199;70564;0,158706989399694;6,30091972497544
9;aj-s;11049;43500;0,254;3,93700787401575
9;t2-u;10949;151737;0,0721577466273882;13,8585258927756
9;kj-s;10935;43717;0,250131527780955;3,99789666209419
9;t3-u;10874;152030;0,0715253568374663;13,9810557292625
9;44-u;10804;70977;0,152218324245882;6,56951129211403
9;qj-s;10725;43330;0,247519039926148;4,04009324009324
9;22-u;10515;71132;0,147823764269246;6,76481217308607
9;33-u;10498;70467;0,148977535584032;6,71242141360259
9;94-u;10401;153030;0,0679670652813174;14,7130083645803
9;jt-s;10359;43950;0,235699658703072;4,2426875181002
9;43-u;10341;152532;0,0677956101014869;14,7502175805048
9;73-u;10341;153269;0,0674696122503572;14,8214872836283
9;at-s;10276;43820;0,234504792332268;4,26430517711172
9;kt-s;10206;43727;0,233402703135363;4,28444052518127
9;qt-s;10150;44157;0,229861630092624;4,35044334975369
9;93-u;9991;152517;0,0655074516283431;15,2654388950055
9;62-u;9657;153373;0,0629641462317357;15,8820544682614
9;92-u;9563;153503;0,0622984567076865;16,0517619993726
9;83-u;9510;153327;0,0620243010037371;16,1227129337539
9;52-u;9470;152938;0,0619205168107338;16,1497360084477
9;t9-s;9345;44918;0,208045772296184;4,80663456393794
9;a9-s;9318;45064;0,206772590094088;4,83623095084782
9;42-u;9123;154518;0,0590416650487322;16,9371917132522
9;82-u;9066;153588;0,0590280490663333;16,9410986101919
9;k9-s;8995;45294;0,198591424912792;5,03546414674819
9;q9-s;8991;45800;0,196310043668122;5,09398287176065
9;j9-s;8945;45286;0,197522413107804;5,06271660145333
9;72-u;8813;153852;0,0572823232717157;17,4573924883695
9;a8-s;8764;45393;0,193069415989249;5,1794842537654
9;a7-s;8634;45648;0,189143007360673;5,28700486448923
9;t8-s;8537;45937;0,185841478546705;5,38093006911093
9;98-s;8433;45823;0,184034218623835;5,4337720858532
9;32-u;8352;154177;0,0541715041802604;18,4598898467433
9;a6-s;8289;46243;0,179248751162338;5,57883942574496
9;k8-s;8225;46120;0,178339115351258;5,60729483282675
9;q8-s;8209;46122;0,177984475955076;5,61846753563162
9;j8-s;8144;45879;0,177510407811853;5,63347249508841
9;87-s;8055;46241;0,174196059773794;5,74065797641217
9;k7-s;7983;46206;0,17276977015972;5,7880496054115
9;97-s;7922;46596;0,170014593527341;5,88184801817723
9;a5-s;7815;46472;0,16816577724221;5,94651311580294
9;76-s;7773;46623;0,166720288269738;5,99807024314936
9;t7-s;7733;46792;0,165263292870576;6,0509504720031
9;a4-s;7609;46777;0,162665412489044;6,147588382179
9;k6-s;7546;46742;0,161439390697873;6,19427511264246
9;k5-s;7482;47234;0,158402845407969;6,31301790964983
9;q7-s;7448;46840;0,159009393680615;6,28893662728249
9;86-s;7444;46787;0,159104024622224;6,28519613111231
9;a3-s;7390;47000;0,157234042553191;6,35994587280108
9;65-s;7342;46491;0,157923038867738;6,3321983110869
9;j7-s;7342;46771;0,156977614333668;6,37033505856715
9;a2-s;7262;47003;0,154500776546178;6,47245937758193
9;t6-s;7073;47257;0,149670948219311;6,68132334228757
9;q6-s;7045;47157;0,149394575566724;6,69368346344926
9;75-s;7026;47233;0,148751931912011;6,72260176487333
9;96-s;7025;47194;0,148853667839132;6,71800711743772
9;k4-s;6989;47136;0,148273082145282;6,74431249105738
9;k3-s;6871;47481;0,144710515785261;6,91034783874254
9;j6-s;6811;47474;0,143468003538779;6,97019527235355
9;q5-s;6803;47673;0,142701319405114;7,00764368660885
9;85-s;6748;47723;0,141399325272929;7,0721695317131
9;k2-s;6714;47444;0,141514206222072;7,06642835865356
9;64-s;6697;47726;0,140321837153753;7,12647454083918
9;54-s;6633;47555;0,139480601408895;7,1694557515453
9;q4-s;6579;47611;0,138182352817626;7,23681410548716
9;j5-s;6441;47799;0,134751773049645;7,42105263157895
9;74-s;6363;47690;0,133424197945062;7,49489234637749
9;95-s;6343;47314;0,134061799890096;7,45924641336907
9;q3-s;6314;48105;0,131254547344351;7,61878365536902
9;t5-s;6281;48104;0,130571262265092;7,65865308071963
9;j4-s;6273;47880;0,131015037593985;7,63271162123386
9;t4-s;6264;48199;0,129961202514575;7,69460408684547
9;q2-s;6157;47975;0,12833767587285;7,79194412863407
9;63-s;6150;48414;0,127029371669352;7,87219512195122
9;j3-s;6076;48042;0,126472669747304;7,90684660961159
9;84-s;6025;48307;0,124723125012938;8,01775933609959
9;94-s;5840;48418;0,120616299723243;8,29075342465753
9;53-s;5822;48326;0,120473451144312;8,30058399175541
9;t3-s;5776;48491;0,119114887298674;8,39525623268698
9;43-s;5763;48590;0,118604651162791;8,43137254901961
9;j2-s;5716;48550;0,11773429454171;8,49370188943317
9;73-s;5673;48611;0,1167019810331;8,56883483165873
9;93-s;5503;49102;0,112072827990713;8,9227693985099
9;t2-s;5456;48476;0,112550540473636;8,88489736070381
9;83-s;5355;48658;0,110053845205311;9,08646125116713
9;92-s;5336;49055;0,108775863826317;9,19321589205397
9;62-s;5303;49237;0,10770355626866;9,2847444842542
9;52-s;5231;49395;0,105901407025003;9,44274517300707
9;82-s;5061;49366;0,102519953004092;9,75419877494566
9;72-s;5000;49297;0,101426050266751;9,8594
9;42-s;4972;48954;0,101564734240307;9,84593724859212
9;32-s;4777;49444;0,0966143515896772;10,3504291396274
